63;64;44;23;42;62
63;84;65;45;44;43
63;84;104;103;102;82
63;83;104;85;65;64
63;83;102;81;61;62
63;82;61;41;42;43
63;64;44;23;22;21;41;62
63;64;45;25;24;23;42;62
63;84;65;45;25;24;23;43
63;84;65;66;46;25;44;43
63;84;85;86;66;45;44;43
63;84;104;103;102;81;61;62
63;84;65;45;44;23;42;62
63;84;104;103;122;101;81;82
63;84;104;124;123;122;102;82
63;84;85;105;124;103;102;82
63;83;103;124;105;85;65;64
63;83;104;85;86;66;45;64
63;83;104;105;106;86;65;64
63;83;102;81;61;41;42;43
63;83;104;85;65;45;44;43
63;83;103;122;101;81;61;62
63;82;61;41;42;23;44;64
63;82;102;103;104;85;65;64
63;82;61;41;21;22;23;43
63;84;65;66;46;25;24;23;43
63;84;85;86;66;46;25;44;43
63;84;104;103;122;101;81;61;62
63;84;65;45;25;24;23;42;62
63;84;104;124;123;122;101;81;82
63;84;85;105;124;123;122;102;82
63;83;103;124;105;106;86;65;64
63;83;104;105;106;86;66;45;64
63;83;104;85;86;66;45;44;43
63;82;61;41;21;22;23;44;64
63;82;102;103;124;105;85;65;64
63;64;45;25;24;23;22;21;41;62
63;64;65;85;104;103;102;81;61;62
63;64;65;66;46;25;24;23;42;62
63;84;104;103;102;81;61;41;42;43
63;84;104;105;106;86;66;45;44;43
63;84;65;66;47;27;26;25;44;43
63;84;65;86;67;47;46;25;44;43
63;84;85;86;66;45;25;24;23;43
63;84;85;86;66;46;25;24;23;43
63;84;85;86;67;47;46;45;44;43
63;84;85;86;67;47;46;25;44;43
63;84;85;106;87;67;66;45;44;43
63;84;104;124;123;122;101;81;61;62
63;84;104;124;123;122;102;81;61;62
63;84;65;45;44;23;22;21;41;62
63;84;65;66;46;25;44;23;42;62
63;84;65;66;46;25;24;23;42;62
63;84;85;105;124;103;102;81;61;62
63;84;85;86;66;45;44;23;42;62
63;84;104;103;123;142;121;101;81;82
63;84;104;124;123;142;121;101;81;82
63;84;104;124;123;142;121;101;102;82
63;84;104;124;144;143;142;122;102;82
63;84;104;105;125;144;123;122;102;82
63;84;65;45;44;23;42;41;61;82
63;84;65;86;106;105;124;103;102;82
63;84;85;105;124;123;122;101;81;82
63;84;85;105;124;103;122;101;81;82
63;84;85;105;125;144;123;122;102;82
63;84;85;105;125;144;123;103;102;82
63;84;85;106;126;125;124;103;102;82
63;83;102;81;61;41;42;23;44;64
63;83;102;122;123;124;105;85;65;64
63;83;103;123;144;125;105;85;65;64
63;83;103;124;105;85;86;66;45;64
63;83;103;124;105;106;86;66;45;64
63;83;103;124;125;126;106;85;65;64
63;83;103;124;125;126;106;86;65;64
63;83;104;124;125;126;106;86;65;64
63;83;104;85;86;66;46;25;44;64
63;83;104;85;86;67;47;46;45;64
63;83;104;85;106;87;67;66;45;64
63;83;104;105;106;87;67;66;65;64
63;83;104;105;106;87;67;66;45;64
63;83;104;105;126;107;87;86;65;64
63;83;102;81;61;41;21;22;23;43
63;83;103;122;101;81;61;41;42;43
63;83;103;124;105;85;65;45;44;43
63;83;104;85;65;45;25;24;23;43
63;83;104;85;65;66;46;25;44;43
63;83;104;85;86;66;46;25;44;43
63;83;104;105;106;86;65;45;44;43
63;83;104;105;106;86;66;45;44;43
63;83;103;123;142;121;101;81;61;62
63;83;104;124;123;122;101;81;61;62
63;83;104;85;65;45;44;23;42;62
63;82;81;101;122;103;104;85;65;64
63;82;61;41;42;23;24;25;45;64
63;82;102;122;123;124;104;85;65;64
63;82;102;122;123;124;105;85;65;64
63;82;102;103;104;85;86;66;45;64
63;82;102;103;104;105;106;86;65;64
63;82;102;103;124;105;106;86;65;64
63;82;102;103;104;85;65;45;44;43
63;64;65;85;104;103;122;101;81;61;62
63;64;65;85;105;124;103;102;81;61;62
63;84;104;103;122;101;81;61;41;42;43
63;84;104;105;106;86;66;46;25;44;43
63;84;104;105;106;87;67;66;45;44;43
63;84;65;66;47;27;26;25;24;23;43
63;84;65;86;67;47;46;25;24;23;43
63;84;65;86;67;47;27;26;25;44;43
63;84;85;86;66;47;27;26;25;44;43
63;84;85;86;67;47;46;25;24;23;43
63;84;85;86;67;47;27;26;25;44;43
63;84;85;106;87;67;66;46;25;44;43
63;84;85;106;87;67;47;46;45;44;43
63;84;85;106;87;67;47;46;25;44;43
63;84;104;103;123;142;121;101;81;61;62
63;84;104;124;123;142;121;101;81;61;62
63;84;65;45;25;24;23;22;21;41;62
63;84;85;105;124;123;122;101;81;61;62
63;84;85;105;124;123;122;102;81;61;62
63;84;85;105;124;103;122;101;81;61;62
63;84;85;86;66;45;25;24;23;42;62
63;84;85;86;66;46;25;44;23;42;62
63;84;85;86;66;46;25;24;23;42;62
63;84;104;124;144;143;142;121;101;81;82
63;84;104;124;144;143;142;121;101;102;82
63;84;104;124;144;143;142;122;101;81;82
63;84;104;105;125;144;143;142;122;102;82
63;84;104;105;125;144;123;122;101;81;82
63;84;65;45;44;23;22;21;41;61;82
63;84;65;45;25;24;23;42;41;61;82
63;84;65;86;106;105;124;123;122;102;82
63;84;65;86;106;126;125;124;103;102;82
63;84;85;105;124;123;142;121;101;81;82
63;84;85;105;124;123;142;121;101;102;82
63;84;85;105;124;144;143;142;122;102;82
63;84;85;105;125;144;143;142;122;102;82
63;84;85;105;125;144;123;122;101;81;82
63;84;85;106;126;125;144;123;122;102;82
63;84;85;106;126;125;144;123;103;102;82
63;84;85;106;126;125;124;123;122;102;82
63;83;102;81;61;41;21;22;23;44;64
63;83;102;122;123;124;105;106;86;65;64
63;83;102;122;123;144;125;105;85;65;64
63;83;103;123;144;125;105;106;86;65;64
63;83;103;123;144;125;126;106;85;65;64
63;83;103;123;144;125;126;106;86;65;64
63;83;103;124;105;106;87;67;66;65;64
63;83;103;124;105;106;87;67;66;45;64
63;83;103;124;105;126;107;87;86;65;64
63;83;103;124;125;126;106;86;66;45;64
63;83;103;124;125;126;107;87;86;65;64
63;83;104;124;125;126;106;86;66;45;64
63;83;104;124;125;126;107;87;86;65;64
63;83;104;85;86;67;47;46;25;44;64
63;83;104;85;106;87;67;47;46;45;64
63;83;104;105;106;86;66;46;25;44;64
63;83;104;105;106;86;67;47;46;45;64
63;83;104;105;106;87;67;47;46;45;64
63;83;104;105;126;107;87;86;66;45;64
63;83;104;105;126;107;87;67;66;65;64
63;83;104;105;126;107;87;67;66;45;64
63;83;103;124;105;85;86;66;45;44;43
63;83;103;124;105;106;86;65;45;44;43
63;83;103;124;105;106;86;66;45;44;43
63;83;104;85;65;66;46;25;24;23;43
63;83;104;85;86;66;45;25;24;23;43
63;83;104;85;86;66;46;25;24;23;43
63;83;104;85;86;67;47;46;45;44;43
63;83;104;85;86;67;47;46;25;44;43
63;83;104;85;106;87;67;66;45;44;43
63;83;104;105;106;86;66;46;25;44;43
63;83;104;105;106;87;67;66;45;44;43
63;83;104;124;123;142;121;101;81;61;62
63;83;104;85;65;45;25;24;23;42;62
63;83;104;85;86;66;45;44;23;42;62
63;82;81;101;122;103;124;105;85;65;64
63;82;81;101;122;123;124;104;85;65;64
63;82;81;101;122;123;124;105;85;65;64
63;82;61;41;21;22;23;24;25;45;64
63;82;102;122;123;124;105;106;86;65;64
63;82;102;122;123;144;125;105;85;65;64
63;82;102;103;123;144;125;105;85;65;64
63;82;102;103;104;105;106;86;66;45;64
63;82;102;103;124;105;85;86;66;45;64
63;82;102;103;124;105;106;86;66;45;64
63;82;102;103;124;125;126;106;85;65;64
63;82;102;103;124;125;126;106;86;65;64
63;82;102;103;104;85;86;66;45;44;43
63;82;102;103;124;105;85;65;45;44;43
63;64;45;66;86;85;104;103;102;81;61;62
63;64;65;85;104;124;123;122;101;81;61;62
63;64;65;85;104;124;123;122;102;81;61;62
63;64;65;85;105;124;123;122;101;81;61;62
63;64;65;85;105;124;123;122;102;81;61;62
63;64;65;85;105;124;103;122;101;81;61;62
63;64;65;66;46;25;24;23;22;21;41;62
63;64;65;66;47;27;26;25;24;23;42;62
63;64;65;86;106;105;124;103;102;81;61;62
63;64;65;86;106;105;104;103;102;81;61;62
63;64;65;86;67;47;46;25;24;23;42;62
63;84;104;103;102;81;61;41;21;22;23;43
63;84;104;124;123;122;101;81;61;41;42;43
63;84;104;124;123;122;102;81;61;41;42;43
63;84;104;124;125;126;106;86;66;45;44;43
63;84;104;105;106;86;66;45;25;24;23;43
63;84;104;105;106;86;66;46;25;24;23;43
63;84;104;105;106;86;67;47;46;45;44;43
63;84;104;105;106;86;67;47;46;25;44;43
63;84;104;105;106;87;67;66;46;25;44;43
63;84;104;105;106;87;67;47;46;45;44;43
63;84;104;105;106;87;67;47;46;25;44;43
63;84;104;105;126;107;87;86;66;45;44;43
63;84;104;105;126;107;87;67;66;45;44;43
63;84;65;66;67;68;48;27;26;25;44;43
63;84;65;86;67;47;27;26;25;24;23;43
63;84;65;86;67;68;48;27;46;25;44;43
63;84;65;86;67;68;48;27;26;25;44;43
63;84;65;86;87;88;68;47;46;25;44;43
63;84;85;105;124;103;102;81;61;41;42;43
63;84;85;105;126;107;87;67;66;45;44;43
63;84;85;86;66;47;27;26;25;24;23;43
63;84;85;86;67;47;27;26;25;24;23;43
63;84;85;86;67;68;48;27;46;45;44;43
63;84;85;86;67;68;48;27;46;25;44;43
63;84;85;86;67;68;48;27;26;25;44;43
63;84;85;86;87;88;68;47;46;45;44;43
63;84;85;86;87;88;68;47;46;25;44;43
63;84;85;106;87;67;66;45;25;24;23;43
63;84;85;106;87;67;66;46;25;24;23;43
63;84;85;106;87;67;47;46;25;24;23;43
63;84;85;106;87;67;47;27;26;25;44;43
63;84;85;106;87;88;68;47;66;45;44;43
63;84;85;106;87;88;68;47;46;45;44;43
63;84;85;106;87;88;68;47;46;25;44;43
63;84;85;106;107;108;88;67;66;45;44;43
63;84;104;124;144;143;142;121;101;81;61;62
63;84;104;124;144;143;142;122;101;81;61;62
63;84;104;124;144;143;142;122;102;81;61;62
63;84;104;105;125;144;123;122;101;81;61;62
63;84;104;105;125;144;123;122;102;81;61;62
63;84;104;105;106;86;66;45;44;23;42;62
63;84;65;66;46;25;44;23;22;21;41;62
63;84;65;66;46;25;24;23;22;21;41;62
63;84;65;66;47;27;26;25;44;23;42;62
63;84;65;66;47;27;26;25;24;23;42;62
63;84;65;86;106;105;124;103;102;81;61;62
63;84;65;86;67;47;46;25;44;23;42;62
63;84;65;86;67;47;46;25;24;23;42;62
63;84;85;105;124;123;142;121;101;81;61;62
63;84;85;105;125;144;123;122;101;81;61;62
63;84;85;105;125;144;123;122;102;81;61;62
63;84;85;105;125;144;123;103;102;81;61;62
63;84;85;86;66;45;44;23;22;21;41;62
63;84;85;86;67;47;46;45;44;23;42;62
63;84;85;86;67;47;46;25;44;23;42;62
63;84;85;86;67;47;46;25;24;23;42;62
63;84;85;106;126;125;124;103;102;81;61;62
63;84;85;106;87;67;66;45;44;23;42;62
63;84;104;103;123;143;162;141;121;101;81;82
63;84;104;124;123;143;162;141;121;101;81;82
63;84;104;124;123;143;162;141;121;101;102;82
63;84;104;124;144;143;162;141;121;101;81;82
63;84;104;124;144;143;162;141;121;101;102;82
63;84;104;124;144;143;162;141;121;122;102;82
63;84;104;124;144;164;163;162;142;122;102;82
63;84;104;124;125;145;164;143;142;122;102;82
63;84;104;105;125;144;143;142;121;101;81;82
63;84;104;105;125;144;143;142;121;101;102;82
63;84;104;105;125;144;143;142;122;101;81;82
63;84;104;105;125;144;123;142;121;101;81;82
63;84;104;105;125;144;123;142;121;101;102;82
63;84;104;105;125;145;164;143;142;122;102;82
63;84;104;105;125;145;164;143;123;122;102;82
63;84;104;105;126;146;145;144;123;122;102;82
63;84;65;45;25;24;23;22;21;41;61;82
63;84;65;66;46;25;44;23;42;41;61;82
63;84;65;66;46;25;24;23;42;41;61;82
63;84;65;66;67;87;106;105;124;103;102;82
63;84;65;86;106;105;124;123;122;101;81;82
63;84;65;86;106;105;124;103;122;101;81;82
63;84;65;86;106;105;125;144;123;122;102;82
63;84;65;86;106;105;125;144;123;103;102;82
63;84;65;86;106;126;125;144;123;122;102;82
63;84;65;86;106;126;125;144;123;103;102;82
63;84;65;86;106;126;125;124;123;122;102;82
63;84;65;86;87;107;126;125;124;103;102;82
63;84;65;86;87;107;126;105;124;103;102;82
63;84;85;105;124;144;143;142;121;101;81;82
63;84;85;105;124;144;143;142;121;101;102;82
63;84;85;105;124;144;143;142;122;101;81;82
63;84;85;105;125;144;143;142;121;101;81;82
63;84;85;105;125;144;143;142;121;101;102;82
63;84;85;105;125;144;143;142;122;101;81;82
63;84;85;105;125;144;123;142;121;101;81;82
63;84;85;105;125;144;123;142;121;101;102;82
63;84;85;105;125;145;164;143;142;122;102;82
63;84;85;105;125;145;164;143;123;122;102;82
63;84;85;105;125;145;164;143;123;103;102;82
63;84;85;105;126;146;145;144;123;122;102;82
63;84;85;105;126;146;145;144;123;103;102;82
63;84;85;86;66;45;44;23;42;41;61;82
63;84;85;86;87;107;126;125;124;103;102;82
63;84;85;106;126;125;144;143;142;122;102;82
63;84;85;106;126;125;144;123;122;101;81;82
63;84;85;106;126;125;124;123;122;101;81;82
63;84;85;106;126;125;124;103;122;101;81;82
63;84;85;106;126;146;145;144;123;122;102;82
63;84;85;106;126;146;145;144;123;103;102;82
63;84;85;106;126;146;145;144;124;103;102;82
63;84;85;106;107;127;146;125;124;103;102;82
63;83;102;101;121;142;123;124;105;85;65;64
63;83;102;81;61;41;42;23;24;25;45;64
63;83;102;122;142;143;144;124;105;85;65;64
63;83;102;122;142;143;144;125;105;85;65;64
63;83;102;122;123;124;105;85;86;66;45;64
63;83;102;122;123;124;105;106;86;66;45;64
63;83;102;122;123;124;125;126;106;85;65;64
63;83;102;122;123;124;125;126;106;86;65;64
63;83;102;122;123;144;125;105;106;86;65;64
63;83;102;122;123;144;125;126;106;85;65;64
63;83;102;122;123;144;125;126;106;86;65;64
63;83;103;122;101;81;61;41;42;23;44;64
63;83;103;122;142;143;144;125;105;85;65;64
63;83;103;123;143;164;145;125;105;85;65;64
63;83;103;123;144;125;105;85;86;66;45;64
63;83;103;123;144;125;105;106;86;66;45;64
63;83;103;123;144;125;126;106;86;66;45;64
63;83;103;123;144;125;126;107;87;86;65;64
63;83;103;123;144;145;146;126;105;85;65;64
63;83;103;123;144;145;146;126;106;85;65;64
63;83;103;123;144;145;146;126;106;86;65;64
63;83;103;124;144;145;146;126;106;85;65;64
63;83;103;124;144;145;146;126;106;86;65;64
63;83;103;124;105;85;86;66;46;25;44;64
63;83;103;124;105;85;86;67;47;46;45;64
63;83;103;124;105;106;86;66;46;25;44;64
63;83;103;124;105;106;86;67;47;46;45;64
63;83;103;124;105;106;87;67;47;46;45;64
63;83;103;124;105;126;107;87;86;66;45;64
63;83;103;124;105;126;107;87;67;66;65;64
63;83;103;124;105;126;107;87;67;66;45;64
63;83;103;124;125;126;106;87;67;66;65;64
63;83;103;124;125;126;106;87;67;66;45;64
63;83;103;124;125;126;107;87;86;66;45;64
63;83;103;124;125;126;107;87;67;66;65;64
63;83;103;124;125;126;107;87;67;66;45;64
63;83;103;124;125;146;127;107;106;85;65;64
63;83;103;124;125;146;127;107;106;86;65;64
63;83;103;124;125;146;127;107;87;86;65;64
63;83;104;124;144;145;146;126;106;86;65;64
63;83;104;124;125;126;106;87;67;66;65;64
63;83;104;124;125;126;106;87;67;66;45;64
63;83;104;124;125;126;107;87;86;66;45;64
63;83;104;124;125;126;107;87;67;66;65;64
63;83;104;124;125;126;107;87;67;66;45;64
63;83;104;124;125;146;127;107;106;86;65;64
63;83;104;124;125;146;127;107;87;86;65;64
63;83;104;85;86;66;47;27;26;25;44;64
63;83;104;85;86;67;47;27;26;25;44;64
63;83;104;85;86;67;47;27;26;25;45;64
63;83;104;85;86;67;68;48;27;46;45;64
63;83;104;85;86;87;88;68;47;46;45;64
63;83;104;85;106;87;67;66;46;25;44;64
63;83;104;85;106;87;67;47;46;25;44;64
63;83;104;85;106;87;88;68;47;66;45;64
63;83;104;85;106;87;88;68;47;46;45;64
63;83;104;85;106;107;108;88;67;66;45;64
63;83;104;105;125;146;127;107;87;86;65;64
63;83;104;105;106;86;67;47;46;25;44;64
63;83;104;105;106;87;67;66;46;25;44;64
63;83;104;105;106;87;67;47;46;25;44;64
63;83;104;105;106;87;88;68;47;66;65;64
63;83;104;105;106;87;88;68;47;66;45;64
63;83;104;105;106;87;88;68;47;46;45;64
63;83;104;105;106;107;108;88;67;66;65;64
63;83;104;105;106;107;108;88;67;66;45;64
63;83;104;105;126;107;87;67;47;46;45;64
63;83;104;105;126;107;108;88;67;86;65;64
63;83;104;105;126;107;108;88;67;66;65;64
63;83;104;105;126;107;108;88;67;66;45;64
63;83;104;105;126;127;128;108;87;86;65;64
63;83;102;122;123;124;105;85;65;45;44;43
63;83;103;122;101;81;61;41;21;22;23;43
63;83;103;123;142;121;101;81;61;41;42;43
63;83;103;123;144;125;105;85;65;45;44;43
63;83;103;124;105;85;65;45;25;24;23;43
63;83;103;124;105;85;65;66;46;25;44;43
63;83;103;124;105;85;86;66;46;25;44;43
63;83;103;124;105;106;86;66;46;25;44;43
63;83;103;124;105;106;87;67;66;45;44;43
63;83;103;124;125;126;106;85;65;45;44;43
63;83;103;124;125;126;106;86;65;45;44;43
63;83;103;124;125;126;106;86;66;45;44;43
63;83;104;124;123;122;101;81;61;41;42;43
63;83;104;124;125;126;106;86;65;45;44;43
63;83;104;124;125;126;106;86;66;45;44;43
63;83;104;85;65;66;47;27;26;25;44;43
63;83;104;85;86;66;47;27;26;25;44;43
63;83;104;85;86;67;47;46;25;24;23;43
63;83;104;85;86;67;47;27;26;25;44;43
63;83;104;85;106;87;67;66;46;25;44;43
63;83;104;85;106;87;67;47;46;45;44;43
63;83;104;85;106;87;67;47;46;25;44;43
63;83;104;105;106;86;65;45;25;24;23;43
63;83;104;105;106;86;66;45;25;24;23;43
63;83;104;105;106;86;66;46;25;24;23;43
63;83;104;105;106;86;67;47;46;45;44;43
63;83;104;105;106;86;67;47;46;25;44;43
63;83;104;105;106;87;67;66;46;25;44;43
63;83;104;105;106;87;67;47;46;45;44;43
63;83;104;105;106;87;67;47;46;25;44;43
63;83;104;105;126;107;87;86;65;45;44;43
63;83;104;105;126;107;87;86;66;45;44;43
63;83;104;105;126;107;87;67;66;45;44;43
63;83;103;123;143;162;141;121;101;81;61;62
63;83;103;124;144;143;142;121;101;81;61;62
63;83;103;124;105;85;65;45;44;23;42;62
63;83;104;124;144;143;142;121;101;81;61;62
63;83;104;124;144;143;142;122;101;81;61;62
63;83;104;85;65;45;44;23;22;21;41;62
63;83;104;85;65;66;46;25;44;23;42;62
63;83;104;85;65;66;46;25;24;23;42;62
63;83;104;85;86;66;45;25;24;23;42;62
63;83;104;85;86;66;46;25;44;23;42;62
63;83;104;85;86;66;46;25;24;23;42;62
63;83;104;105;125;144;123;122;101;81;61;62
63;83;104;105;106;86;65;45;44;23;42;62
63;83;104;105;106;86;66;45;44;23;42;62
63;82;81;101;121;142;123;103;104;85;65;64
63;82;81;101;121;142;123;124;104;85;65;64
63;82;81;101;121;142;123;124;105;85;65;64
63;82;81;101;122;103;104;85;86;66;45;64
63;82;81;101;122;103;104;105;106;86;65;64
63;82;81;101;122;103;124;105;106;86;65;64
63;82;81;101;122;123;124;105;106;86;65;64
63;82;81;101;122;123;144;125;105;85;65;64
63;82;61;41;42;23;24;25;46;66;65;64
63;82;102;101;121;142;123;124;104;85;65;64
63;82;102;101;121;142;123;124;105;85;65;64
63;82;102;122;142;143;144;124;104;85;65;64
63;82;102;122;142;143;144;124;105;85;65;64
63;82;102;122;142;143;144;125;105;85;65;64
63;82;102;122;123;124;104;85;86;66;45;64
63;82;102;122;123;124;105;85;86;66;45;64
63;82;102;122;123;124;105;106;86;66;45;64
63;82;102;122;123;124;125;126;106;85;65;64
63;82;102;122;123;124;125;126;106;86;65;64
63;82;102;122;123;144;125;105;106;86;65;64
63;82;102;122;123;144;125;126;106;85;65;64
63;82;102;122;123;144;125;126;106;86;65;64
63;82;102;103;123;144;125;105;106;86;65;64
63;82;102;103;123;144;125;126;106;85;65;64
63;82;102;103;123;144;125;126;106;86;65;64
63;82;102;103;104;85;86;66;46;25;44;64
63;82;102;103;104;85;86;67;47;46;45;64
63;82;102;103;104;85;106;87;67;66;45;64
63;82;102;103;104;105;106;87;67;66;65;64
63;82;102;103;104;105;106;87;67;66;45;64
63;82;102;103;104;105;126;107;87;86;65;64
63;82;102;103;124;105;106;87;67;66;65;64
63;82;102;103;124;105;106;87;67;66;45;64
63;82;102;103;124;105;126;107;87;86;65;64
63;82;102;103;124;125;126;106;86;66;45;64
63;82;102;103;124;125;126;107;87;86;65;64
63;82;81;101;122;103;104;85;65;45;44;43
63;82;102;122;123;124;104;85;65;45;44;43
63;82;102;122;123;124;105;85;65;45;44;43
63;82;102;103;104;85;65;45;25;24;23;43
63;82;102;103;104;85;65;66;46;25;44;43
63;82;102;103;104;85;86;66;46;25;44;43
63;82;102;103;104;105;106;86;65;45;44;43
63;82;102;103;104;105;106;86;66;45;44;43
63;82;102;103;124;105;85;86;66;45;44;43
63;82;102;103;124;105;106;86;65;45;44;43
63;82;102;103;124;105;106;86;66;45;44;43
63;64;45;66;86;85;104;103;122;101;81;61;62
63;64;45;66;86;85;105;124;103;102;81;61;62
63;64;45;66;86;106;105;124;103;102;81;61;62
63;64;45;66;86;106;105;104;103;102;81;61;62
63;64;65;85;104;103;123;142;121;101;81;61;62
63;64;65;85;104;124;123;142;121;101;81;61;62
63;64;65;85;105;124;123;142;121;101;81;61;62
63;64;65;85;105;125;144;123;122;101;81;61;62
63;64;65;85;105;125;144;123;122;102;81;61;62
63;64;65;85;105;125;144;123;103;102;81;61;62
63;64;65;85;106;126;125;124;103;102;81;61;62
63;64;65;86;106;105;124;123;122;101;81;61;62
63;64;65;86;106;105;124;123;122;102;81;61;62
63;64;65;86;106;105;124;103;122;101;81;61;62
63;64;65;86;106;105;104;103;122;101;81;61;62
63;64;65;86;106;126;125;124;103;102;81;61;62
63;64;65;86;67;47;27;26;25;24;23;42;62
63;84;104;103;122;101;81;61;41;21;22;23;43
63;84;104;103;123;142;121;101;81;61;41;42;43
63;84;104;124;123;142;121;101;81;61;41;42;43
63;84;104;124;125;126;106;86;66;46;25;44;43
63;84;104;124;125;126;106;87;67;66;45;44;43
63;84;104;124;125;126;107;87;86;66;45;44;43
63;84;104;124;125;126;107;87;67;66;45;44;43
63;84;104;105;106;86;66;47;27;26;25;44;43
63;84;104;105;106;86;67;47;46;25;24;23;43
63;84;104;105;106;86;67;47;27;26;25;44;43
63;84;104;105;106;87;67;66;45;25;24;23;43
63;84;104;105;106;87;67;66;46;25;24;23;43
63;84;104;105;106;87;67;47;46;25;24;23;43
63;84;104;105;106;87;67;47;27;26;25;44;43
63;84;104;105;106;87;88;68;47;66;45;44;43
63;84;104;105;106;87;88;68;47;46;45;44;43
63;84;104;105;106;87;88;68;47;46;25;44;43
63;84;104;105;106;107;108;88;67;66;45;44;43
63;84;104;105;126;107;87;86;66;46;25;44;43
63;84;104;105;126;107;87;67;66;46;25;44;43
63;84;104;105;126;107;87;67;47;46;45;44;43
63;84;104;105;126;107;87;67;47;46;25;44;43
63;84;104;105;126;107;108;88;67;66;45;44;43
63;84;65;66;67;68;48;27;26;25;24;23;43
63;84;65;86;67;68;48;27;46;25;24;23;43
63;84;65;86;67;68;48;27;26;25;24;23;43
63;84;65;86;87;88;68;47;46;25;24;23;43
63;84;65;86;87;88;68;47;27;26;25;44;43
63;84;65;86;87;88;68;48;27;46;25;44;43
63;84;65;86;87;88;68;48;27;26;25;44;43
63;84;85;105;124;123;122;101;81;61;41;42;43
63;84;85;105;124;123;122;102;81;61;41;42;43
63;84;85;105;124;103;122;101;81;61;41;42;43
63;84;85;105;126;107;87;67;66;46;25;44;43
63;84;85;105;126;107;87;67;47;46;45;44;43
63;84;85;105;126;107;87;67;47;46;25;44;43
63;84;85;105;126;107;108;88;67;66;45;44;43
63;84;85;86;67;68;48;27;46;25;24;23;43
63;84;85;86;67;68;48;27;26;25;24;23;43
63;84;85;86;87;88;68;47;46;25;24;23;43
63;84;85;86;87;88;68;47;27;26;25;44;43
63;84;85;86;87;88;68;48;27;46;45;44;43
63;84;85;86;87;88;68;48;27;46;25;44;43
63;84;85;86;87;88;68;48;27;26;25;44;43
63;84;85;106;87;67;47;27;26;25;24;23;43
63;84;85;106;87;67;68;48;27;46;45;44;43
63;84;85;106;87;67;68;48;27;46;25;44;43
63;84;85;106;87;67;68;48;27;26;25;44;43
63;84;85;106;87;88;68;47;46;25;24;23;43
63;84;85;106;87;88;68;47;27;26;25;44;43
63;84;85;106;87;88;68;48;27;46;45;44;43
63;84;85;106;87;88;68;48;27;46;25;44;43
63;84;85;106;87;88;68;48;27;26;25;44;43
63;84;85;106;107;108;88;67;66;46;25;44;43
63;84;85;106;107;108;88;67;47;46;45;44;43
63;84;85;106;107;108;88;67;47;46;25;44;43
63;84;85;106;107;108;88;68;47;66;45;44;43
63;84;85;106;107;108;88;68;47;46;45;44;43
63;84;85;106;107;108;88;68;47;46;25;44;43
63;84;104;103;123;143;162;141;121;101;81;61;62
63;84;104;124;123;143;162;141;121;101;81;61;62
63;84;104;124;144;143;162;141;121;101;81;61;62
63;84;104;105;125;144;143;142;121;101;81;61;62
63;84;104;105;125;144;143;142;122;101;81;61;62
63;84;104;105;125;144;143;142;122;102;81;61;62
63;84;104;105;125;144;123;142;121;101;81;61;62
63;84;104;105;106;86;66;45;25;24;23;42;62
63;84;104;105;106;86;66;46;25;44;23;42;62
63;84;104;105;106;86;66;46;25;24;23;42;62
63;84;104;105;106;87;67;66;45;44;23;42;62
63;84;65;86;106;105;124;123;122;101;81;61;62
63;84;65;86;106;105;124;123;122;102;81;61;62
63;84;65;86;106;105;124;103;122;101;81;61;62
63;84;65;86;106;126;125;124;103;102;81;61;62
63;84;65;86;67;47;27;26;25;44;23;42;62
63;84;65;86;67;47;27;26;25;24;23;42;62
63;84;85;105;124;144;143;142;121;101;81;61;62
63;84;85;105;124;144;143;142;122;101;81;61;62
63;84;85;105;124;144;143;142;122;102;81;61;62
63;84;85;105;125;144;143;142;121;101;81;61;62
63;84;85;105;125;144;143;142;122;101;81;61;62
63;84;85;105;125;144;143;142;122;102;81;61;62
63;84;85;105;125;144;123;142;121;101;81;61;62
63;84;85;86;66;45;25;24;23;22;21;41;62
63;84;85;86;66;46;25;44;23;22;21;41;62
63;84;85;86;66;46;25;24;23;22;21;41;62
63;84;85;86;66;47;27;26;25;44;23;42;62
63;84;85;86;66;47;27;26;25;24;23;42;62
63;84;85;86;67;47;27;26;25;44;23;42;62
63;84;85;86;67;47;27;26;25;24;23;42;62
63;84;85;106;126;125;144;123;122;101;81;61;62
63;84;85;106;126;125;144;123;122;102;81;61;62
63;84;85;106;126;125;144;123;103;102;81;61;62
63;84;85;106;126;125;124;123;122;101;81;61;62
63;84;85;106;126;125;124;123;122;102;81;61;62
63;84;85;106;126;125;124;103;122;101;81;61;62
63;84;85;106;87;67;66;45;25;24;23;42;62
63;84;85;106;87;67;66;46;25;44;23;42;62
63;84;85;106;87;67;66;46;25;24;23;42;62
63;84;85;106;87;67;47;46;45;44;23;42;62
63;84;85;106;87;67;47;46;25;44;23;42;62
63;84;85;106;87;67;47;46;25;24;23;42;62
63;84;104;124;144;164;163;162;141;121;101;81;82
63;84;104;124;144;164;163;162;141;121;101;102;82
63;84;104;124;144;164;163;162;141;121;122;102;82
63;84;104;124;144;164;163;162;142;121;101;81;82
63;84;104;124;144;164;163;162;142;121;101;102;82
63;84;104;124;144;164;163;162;142;122;101;81;82
63;84;104;124;125;145;164;163;162;142;122;102;82
63;84;104;124;125;145;164;143;142;121;101;81;82
63;84;104;124;125;145;164;143;142;121;101;102;82
63;84;104;124;125;145;164;143;142;122;101;81;82
63;84;104;105;125;144;143;162;141;121;101;81;82
63;84;104;105;125;144;143;162;141;121;101;102;82
63;84;104;105;125;144;143;162;141;121;122;102;82
63;84;104;105;125;144;164;163;162;142;122;102;82
63;84;104;105;125;145;164;163;162;142;122;102;82
63;84;104;105;125;145;164;143;142;121;101;81;82
63;84;104;105;125;145;164;143;142;121;101;102;82
63;84;104;105;125;145;164;143;142;122;101;81;82
63;84;104;105;125;145;164;143;123;122;101;81;82
63;84;104;105;126;146;145;164;143;142;122;102;82
63;84;104;105;126;146;145;164;143;123;122;102;82
63;84;104;105;126;146;145;144;143;142;122;102;82
63;84;104;105;126;146;145;144;123;122;101;81;82
63;84;65;66;46;25;44;23;22;21;41;61;82
63;84;65;66;46;25;24;23;22;21;41;61;82
63;84;65;66;67;87;106;105;124;123;122;102;82
63;84;65;66;67;87;106;126;125;124;103;102;82
63;84;65;66;67;87;107;126;125;124;103;102;82
63;84;65;66;67;87;107;126;105;124;103;102;82
63;84;65;86;106;105;124;123;142;121;101;81;82
63;84;65;86;106;105;124;123;142;121;101;102;82
63;84;65;86;106;105;124;144;143;142;122;102;82
63;84;65;86;106;105;125;144;143;142;122;102;82
63;84;65;86;106;105;125;144;123;122;101;81;82
63;84;65;86;106;126;125;144;143;142;122;102;82
63;84;65;86;106;126;125;144;123;122;101;81;82
63;84;65;86;106;126;125;124;123;122;101;81;82
63;84;65;86;106;126;125;124;103;122;101;81;82
63;84;65;86;106;126;146;145;144;123;122;102;82
63;84;65;86;106;126;146;145;144;123;103;102;82
63;84;65;86;106;126;146;145;144;124;103;102;82
63;84;65;86;106;107;127;146;125;124;103;102;82
63;84;65;86;87;107;126;125;144;123;122;102;82
63;84;65;86;87;107;126;125;144;123;103;102;82
63;84;65;86;87;107;126;125;124;123;122;102;82
63;84;65;86;87;107;126;105;124;123;122;102;82
63;84;65;86;87;107;127;146;125;124;103;102;82
63;84;85;105;124;123;143;162;141;121;101;81;82
63;84;85;105;124;123;143;162;141;121;101;102;82
63;84;85;105;124;144;143;162;141;121;101;81;82
63;84;85;105;124;144;143;162;141;121;101;102;82
63;84;85;105;124;144;143;162;141;121;122;102;82
63;84;85;105;124;144;164;163;162;142;122;102;82
63;84;85;105;125;144;143;162;141;121;101;81;82
63;84;85;105;125;144;143;162;141;121;101;102;82
63;84;85;105;125;144;143;162;141;121;122;102;82
63;84;85;105;125;144;164;163;162;142;122;102;82
63;84;85;105;125;145;164;163;162;142;122;102;82
63;84;85;105;125;145;164;143;142;121;101;81;82
63;84;85;105;125;145;164;143;142;121;101;102;82
63;84;85;105;125;145;164;143;142;122;101;81;82
63;84;85;105;125;145;164;143;123;122;101;81;82
63;84;85;105;126;146;145;164;143;142;122;102;82
63;84;85;105;126;146;145;164;143;123;122;102;82
63;84;85;105;126;146;145;164;143;123;103;102;82
63;84;85;105;126;146;145;144;143;142;122;102;82
63;84;85;105;126;146;145;144;123;122;101;81;82
63;84;85;86;66;45;44;23;22;21;41;61;82
63;84;85;86;66;45;25;24;23;42;41;61;82
63;84;85;86;66;46;25;44;23;42;41;61;82
63;84;85;86;66;46;25;24;23;42;41;61;82
63;84;85;86;87;107;126;125;144;123;122;102;82
63;84;85;86;87;107;126;125;144;123;103;102;82
63;84;85;86;87;107;126;125;124;123;122;102;82
63;84;85;86;87;107;127;146;125;124;103;102;82
63;84;85;106;126;125;144;143;142;121;101;81;82
63;84;85;106;126;125;144;143;142;121;101;102;82
63;84;85;106;126;125;144;143;142;122;101;81;82
63;84;85;106;126;125;144;123;142;121;101;81;82
63;84;85;106;126;125;144;123;142;121;101;102;82
63;84;85;106;126;125;124;123;142;121;101;81;82
63;84;85;106;126;125;124;123;142;121;101;102;82
63;84;85;106;126;125;145;164;143;142;122;102;82
63;84;85;106;126;125;145;164;143;123;122;102;82
63;84;85;106;126;125;145;164;143;123;103;102;82
63;84;85;106;126;146;145;164;143;142;122;102;82
63;84;85;106;126;146;145;164;143;123;122;102;82
63;84;85;106;126;146;145;164;143;123;103;102;82
63;84;85;106;126;146;145;144;143;142;122;102;82
63;84;85;106;126;146;145;144;123;122;101;81;82
63;84;85;106;107;127;146;145;144;123;122;102;82
63;84;85;106;107;127;146;145;144;123;103;102;82
63;84;85;106;107;127;146;145;144;124;103;102;82
63;84;85;106;107;127;146;125;144;123;122;102;82
63;84;85;106;107;127;146;125;144;123;103;102;82
63;84;85;106;107;127;146;125;124;123;122;102;82
63;83;102;101;121;142;123;124;105;106;86;65;64
63;83;102;101;121;142;123;144;125;105;85;65;64
63;83;102;101;121;142;143;144;124;105;85;65;64
63;83;102;101;121;142;143;144;125;105;85;65;64
63;83;102;81;61;41;21;22;23;24;25;45;64
63;83;102;122;142;143;144;124;105;106;86;65;64
63;83;102;122;142;143;144;125;105;106;86;65;64
63;83;102;122;142;143;144;125;126;106;85;65;64
63;83;102;122;142;143;144;125;126;106;86;65;64
63;83;102;122;142;143;164;145;125;105;85;65;64
63;83;102;122;123;143;164;145;125;105;85;65;64
63;83;102;122;123;124;105;106;87;67;66;65;64
63;83;102;122;123;124;105;106;87;67;66;45;64
63;83;102;122;123;124;105;126;107;87;86;65;64
63;83;102;122;123;124;125;126;106;86;66;45;64
63;83;102;122;123;124;125;126;107;87;86;65;64
63;83;102;122;123;144;125;105;85;86;66;45;64
63;83;102;122;123;144;125;105;106;86;66;45;64
63;83;102;122;123;144;125;126;106;86;66;45;64
63;83;102;122;123;144;125;126;107;87;86;65;64
63;83;102;122;123;144;145;146;126;105;85;65;64
63;83;102;122;123;144;145;146;126;106;85;65;64
63;83;102;122;123;144;145;146;126;106;86;65;64
63;83;103;122;101;81;61;41;21;22;23;44;64
63;83;103;122;142;143;144;125;105;106;86;65;64
63;83;103;122;142;143;144;125;126;106;85;65;64
63;83;103;122;142;143;144;125;126;106;86;65;64
63;83;103;122;142;143;164;145;125;105;85;65;64
63;83;103;123;143;164;145;125;105;106;86;65;64
63;83;103;123;143;164;145;125;126;106;85;65;64
63;83;103;123;143;164;145;125;126;106;86;65;64
63;83;103;123;143;164;145;146;126;105;85;65;64
63;83;103;123;143;164;145;146;126;106;85;65;64
63;83;103;123;143;164;145;146;126;106;86;65;64
63;83;103;123;144;125;105;106;87;67;66;65;64
63;83;103;123;144;125;105;106;87;67;66;45;64
63;83;103;123;144;125;126;106;87;67;66;65;64
63;83;103;123;144;125;126;106;87;67;66;45;64
63;83;103;123;144;125;126;107;87;86;66;45;64
63;83;103;123;144;125;126;107;87;67;66;65;64
63;83;103;123;144;125;126;107;87;67;66;45;64
63;83;103;123;144;125;146;127;107;106;85;65;64
63;83;103;123;144;125;146;127;107;106;86;65;64
63;83;103;123;144;125;146;127;107;87;86;65;64
63;83;103;123;144;145;146;126;106;86;66;45;64
63;83;103;123;144;145;146;126;107;87;86;65;64
63;83;103;123;144;145;146;127;107;106;85;65;64
63;83;103;123;144;145;146;127;107;106;86;65;64
63;83;103;123;144;145;146;127;107;87;86;65;64
63;83;103;124;144;145;146;126;106;86;66;45;64
63;83;103;124;144;145;146;126;107;87;86;65;64
63;83;103;124;144;145;146;127;107;106;85;65;64
63;83;103;124;144;145;146;127;107;106;86;65;64
63;83;103;124;144;145;146;127;107;87;86;65;64
63;83;103;124;105;85;86;67;47;46;25;44;64
63;83;103;124;105;106;86;67;47;46;25;44;64
63;83;103;124;105;106;87;67;66;46;25;44;64
63;83;103;124;105;106;87;67;47;46;25;44;64
63;83;103;124;105;106;87;88;68;47;66;65;64
63;83;103;124;105;106;87;88;68;47;66;45;64
63;83;103;124;105;106;87;88;68;47;46;45;64
63;83;103;124;105;106;107;108;88;67;66;65;64
63;83;103;124;105;106;107;108;88;67;66;45;64
63;83;103;124;105;126;107;87;67;47;46;45;64
63;83;103;124;105;126;107;108;88;67;86;65;64
63;83;103;124;105;126;107;108;88;67;66;65;64
63;83;103;124;105;126;107;108;88;67;66;45;64
63;83;103;124;105;126;127;128;108;87;86;65;64
63;83;103;124;125;126;106;86;66;46;25;44;64
63;83;103;124;125;126;106;86;67;47;46;45;64
63;83;103;124;125;126;106;87;67;47;46;45;64
63;83;103;124;125;126;107;87;67;47;46;45;64
63;83;103;124;125;126;107;108;88;67;86;65;64
63;83;103;124;125;126;107;108;88;67;66;65;64
63;83;103;124;125;126;107;108;88;67;66;45;64
63;83;103;124;125;126;127;128;108;87;86;65;64
63;83;103;124;125;146;127;107;106;86;66;45;64
63;83;103;124;125;146;127;107;87;86;66;45;64
63;83;103;124;125;146;127;107;87;67;66;65;64
63;83;103;124;125;146;127;107;87;67;66;45;64
63;83;103;124;125;146;127;128;108;87;86;65;64
63;83;104;124;144;145;146;126;106;86;66;45;64
63;83;104;124;144;145;146;126;107;87;86;65;64
63;83;104;124;144;145;146;127;107;106;86;65;64
63;83;104;124;144;145;146;127;107;87;86;65;64
63;83;104;124;125;126;106;86;66;46;25;44;64
63;83;104;124;125;126;106;86;67;47;46;45;64
63;83;104;124;125;126;106;87;67;47;46;45;64
63;83;104;124;125;126;107;87;67;47;46;45;64
63;83;104;124;125;126;107;108;88;67;86;65;64
63;83;104;124;125;126;107;108;88;67;66;65;64
63;83;104;124;125;126;107;108;88;67;66;45;64
63;83;104;124;125;126;127;128;108;87;86;65;64
63;83;104;124;125;146;127;107;106;86;66;45;64
63;83;104;124;125;146;127;107;87;86;66;45;64
63;83;104;124;125;146;127;107;87;67;66;65;64
63;83;104;124;125;146;127;107;87;67;66;45;64
63;83;104;124;125;146;127;128;108;87;86;65;64
63;83;104;85;86;67;68;48;27;46;25;44;64
63;83;104;85;86;67;68;48;27;26;25;44;64
63;83;104;85;86;67;68;48;27;26;25;45;64
63;83;104;85;86;87;88;68;47;46;25;44;64
63;83;104;85;86;87;88;68;48;27;46;45;64
63;83;104;85;106;87;67;47;27;26;25;44;64
63;83;104;85;106;87;67;47;27;26;25;45;64
63;83;104;85;106;87;67;68;48;27;46;45;64
63;83;104;85;106;87;88;68;47;46;25;44;64
63;83;104;85;106;87;88;68;48;27;46;45;64
63;83;104;85;106;107;108;88;67;47;46;45;64
63;83;104;85;106;107;108;88;68;47;66;45;64
63;83;104;85;106;107;108;88;68;47;46;45;64
63;83;104;105;125;146;127;107;87;86;66;45;64
63;83;104;105;125;146;127;107;87;67;66;65;64
63;83;104;105;125;146;127;107;87;67;66;45;64
63;83;104;105;125;146;127;128;108;87;86;65;64
63;83;104;105;106;86;66;47;27;26;25;44;64
63;83;104;105;106;86;67;47;27;26;25;44;64
63;83;104;105;106;86;67;47;27;26;25;45;64
63;83;104;105;106;86;67;68;48;27;46;45;64
63;83;104;105;106;87;67;47;27;26;25;44;64
63;83;104;105;106;87;67;47;27;26;25;45;64
63;83;104;105;106;87;67;68;48;27;46;45;64
63;83;104;105;106;87;88;68;47;46;25;44;64
63;83;104;105;106;87;88;68;48;27;46;45;64
63;83;104;105;106;107;108;88;67;47;46;45;64
63;83;104;105;106;107;108;88;68;47;66;65;64
63;83;104;105;106;107;108;88;68;47;66;45;64
63;83;104;105;106;107;108;88;68;47;46;45;64
63;83;104;105;126;107;87;86;66;46;25;44;64
63;83;104;105;126;107;87;67;66;46;25;44;64
63;83;104;105;126;107;87;67;47;46;25;44;64
63;83;104;105;126;107;87;88;68;47;66;65;64
63;83;104;105;126;107;87;88;68;47;66;45;64
63;83;104;105;126;107;87;88;68;47;46;45;64
63;83;104;105;126;107;108;88;67;47;46;45;64
63;83;104;105;126;107;108;88;68;47;66;65;64
63;83;104;105;126;107;108;88;68;47;66;45;64
63;83;104;105;126;107;108;88;68;47;46;45;64
63;83;104;105;126;127;128;108;87;86;66;45;64
63;83;104;105;126;127;128;108;87;67;66;65;64
63;83;104;105;126;127;128;108;87;67;66;45;64
63;83;104;105;126;127;128;108;88;67;86;65;64
63;83;104;105;126;127;128;108;88;67;66;65;64
63;83;104;105;126;127;128;108;88;67;66;45;64
63;83;102;122;123;124;105;85;86;66;45;44;43
63;83;102;122;123;124;105;106;86;65;45;44;43
63;83;102;122;123;124;105;106;86;66;45;44;43
63;83;102;122;123;144;125;105;85;65;45;44;43
63;83;103;123;144;125;105;85;86;66;45;44;43
63;83;103;123;144;125;105;106;86;65;45;44;43
63;83;103;123;144;125;105;106;86;66;45;44;43
63;83;103;123;144;125;126;106;85;65;45;44;43
63;83;103;123;144;125;126;106;86;65;45;44;43
63;83;103;123;144;125;126;106;86;66;45;44;43
63;83;103;124;105;85;65;66;46;25;24;23;43
63;83;103;124;105;85;86;66;45;25;24;23;43
63;83;103;124;105;85;86;66;46;25;24;23;43
63;83;103;124;105;85;86;67;47;46;45;44;43
63;83;103;124;105;85;86;67;47;46;25;44;43
63;83;103;124;105;106;86;65;45;25;24;23;43
63;83;103;124;105;106;86;66;45;25;24;23;43
63;83;103;124;105;106;86;66;46;25;24;23;43
63;83;103;124;105;106;86;67;47;46;45;44;43
63;83;103;124;105;106;86;67;47;46;25;44;43
63;83;103;124;105;106;87;67;66;46;25;44;43
63;83;103;124;105;106;87;67;47;46;45;44;43
63;83;103;124;105;106;87;67;47;46;25;44;43
63;83;103;124;105;126;107;87;86;65;45;44;43
63;83;103;124;105;126;107;87;86;66;45;44;43
63;83;103;124;105;126;107;87;67;66;45;44;43
63;83;103;124;125;126;106;86;66;46;25;44;43
63;83;103;124;125;126;106;87;67;66;45;44;43
63;83;103;124;125;126;107;87;86;65;45;44;43
63;83;103;124;125;126;107;87;86;66;45;44;43
63;83;103;124;125;126;107;87;67;66;45;44;43
63;83;104;124;123;142;121;101;81;61;41;42;43
63;83;104;124;125;126;106;86;66;46;25;44;43
63;83;104;124;125;126;106;87;67;66;45;44;43
63;83;104;124;125;126;107;87;86;65;45;44;43
63;83;104;124;125;126;107;87;86;66;45;44;43
63;83;104;124;125;126;107;87;67;66;45;44;43
63;83;104;85;65;66;47;27;26;25;24;23;43
63;83;104;85;86;66;47;27;26;25;24;23;43
63;83;104;85;86;67;47;27;26;25;24;23;43
63;83;104;85;86;67;68;48;27;46;45;44;43
63;83;104;85;86;67;68;48;27;46;25;44;43
63;83;104;85;86;67;68;48;27;26;25;44;43
63;83;104;85;86;87;88;68;47;46;45;44;43
63;83;104;85;86;87;88;68;47;46;25;44;43
63;83;104;85;106;87;67;66;45;25;24;23;43
63;83;104;85;106;87;67;66;46;25;24;23;43
63;83;104;85;106;87;67;47;46;25;24;23;43
63;83;104;85;106;87;67;47;27;26;25;44;43
63;83;104;85;106;87;88;68;47;66;45;44;43
63;83;104;85;106;87;88;68;47;46;45;44;43
63;83;104;85;106;87;88;68;47;46;25;44;43
63;83;104;85;106;107;108;88;67;66;45;44;43
63;83;104;105;106;86;66;47;27;26;25;44;43
63;83;104;105;106;86;67;47;46;25;24;23;43
63;83;104;105;106;86;67;47;27;26;25;44;43
63;83;104;105;106;87;67;66;45;25;24;23;43
63;83;104;105;106;87;67;66;46;25;24;23;43
63;83;104;105;106;87;67;47;46;25;24;23;43
63;83;104;105;106;87;67;47;27;26;25;44;43
63;83;104;105;106;87;88;68;47;66;45;44;43
63;83;104;105;106;87;88;68;47;46;45;44;43
63;83;104;105;106;87;88;68;47;46;25;44;43
63;83;104;105;106;107;108;88;67;66;45;44;43
63;83;104;105;126;107;87;86;66;46;25;44;43
63;83;104;105;126;107;87;67;66;46;25;44;43
63;83;104;105;126;107;87;67;47;46;45;44;43
63;83;104;105;126;107;87;67;47;46;25;44;43
63;83;104;105;126;107;108;88;67;66;45;44;43
63;83;103;124;144;143;162;141;121;101;81;61;62
63;83;103;124;105;85;65;45;25;24;23;42;62
63;83;103;124;105;85;86;66;45;44;23;42;62
63;83;103;124;105;106;86;65;45;44;23;42;62
63;83;103;124;105;106;86;66;45;44;23;42;62
63;83;104;124;123;143;162;141;121;101;81;61;62
63;83;104;124;144;143;162;141;121;101;81;61;62
63;83;104;85;65;45;25;24;23;22;21;41;62
63;83;104;85;86;66;45;44;23;22;21;41;62
63;83;104;85;86;67;47;46;45;44;23;42;62
63;83;104;85;86;67;47;46;25;44;23;42;62
63;83;104;85;86;67;47;46;25;24;23;42;62
63;83;104;85;106;87;67;66;45;44;23;42;62
63;83;104;105;125;144;143;142;121;101;81;61;62
63;83;104;105;125;144;143;142;122;101;81;61;62
63;83;104;105;125;144;123;142;121;101;81;61;62
63;83;104;105;106;86;65;45;25;24;23;42;62
63;83;104;105;106;86;66;45;25;24;23;42;62
63;83;104;105;106;86;66;46;25;44;23;42;62
63;83;104;105;106;86;66;46;25;24;23;42;62
63;83;104;105;106;87;67;66;45;44;23;42;62
63;82;81;101;121;142;123;124;105;106;86;65;64
63;82;81;101;121;142;123;144;125;105;85;65;64
63;82;81;101;121;142;143;144;124;104;85;65;64
63;82;81;101;121;142;143;144;124;105;85;65;64
63;82;81;101;121;142;143;144;125;105;85;65;64
63;82;81;101;122;142;143;144;124;104;85;65;64
63;82;81;101;122;142;143;144;124;105;85;65;64
63;82;81;101;122;142;143;144;125;105;85;65;64
63;82;81;101;122;103;104;105;106;86;66;45;64
63;82;81;101;122;103;124;105;85;86;66;45;64
63;82;81;101;122;103;124;105;106;86;66;45;64
63;82;81;101;122;103;124;125;126;106;85;65;64
63;82;81;101;122;103;124;125;126;106;86;65;64
63;82;81;101;122;123;124;104;85;86;66;45;64
63;82;81;101;122;123;124;105;85;86;66;45;64
63;82;81;101;122;123;124;105;106;86;66;45;64
63;82;81;101;122;123;124;125;126;106;85;65;64
63;82;81;101;122;123;124;125;126;106;86;65;64
63;82;81;101;122;123;144;125;105;106;86;65;64
63;82;81;101;122;123;144;125;126;106;85;65;64
63;82;81;101;122;123;144;125;126;106;86;65;64
63;82;61;41;21;22;23;24;25;46;66;65;64
63;82;102;101;121;142;123;124;105;106;86;65;64
63;82;102;101;121;142;123;144;125;105;85;65;64
63;82;102;101;121;142;143;144;124;104;85;65;64
63;82;102;101;121;142;143;144;124;105;85;65;64
63;82;102;101;121;142;143;144;125;105;85;65;64
63;82;102;122;142;143;144;124;105;106;86;65;64
63;82;102;122;142;143;144;125;105;106;86;65;64
63;82;102;122;142;143;144;125;126;106;85;65;64
63;82;102;122;142;143;144;125;126;106;86;65;64
63;82;102;122;142;143;164;145;125;105;85;65;64
63;82;102;122;123;143;164;145;125;105;85;65;64
63;82;102;122;123;124;105;106;87;67;66;65;64
63;82;102;122;123;124;105;106;87;67;66;45;64
63;82;102;122;123;124;105;126;107;87;86;65;64
63;82;102;122;123;124;125;126;106;86;66;45;64
63;82;102;122;123;124;125;126;107;87;86;65;64
63;82;102;122;123;144;125;105;85;86;66;45;64
63;82;102;122;123;144;125;105;106;86;66;45;64
63;82;102;122;123;144;125;126;106;86;66;45;64
63;82;102;122;123;144;125;126;107;87;86;65;64
63;82;102;122;123;144;145;146;126;105;85;65;64
63;82;102;122;123;144;145;146;126;106;85;65;64
63;82;102;122;123;144;145;146;126;106;86;65;64
63;82;102;103;123;143;164;145;125;105;85;65;64
63;82;102;103;123;144;125;105;85;86;66;45;64
63;82;102;103;123;144;125;105;106;86;66;45;64
63;82;102;103;123;144;125;126;106;86;66;45;64
63;82;102;103;123;144;125;126;107;87;86;65;64
63;82;102;103;123;144;145;146;126;105;85;65;64
63;82;102;103;123;144;145;146;126;106;85;65;64
63;82;102;103;123;144;145;146;126;106;86;65;64
63;82;102;103;104;85;86;67;47;46;25;44;64
63;82;102;103;104;85;106;87;67;47;46;45;64
63;82;102;103;104;105;106;86;66;46;25;44;64
63;82;102;103;104;105;106;86;67;47;46;45;64
63;82;102;103;104;105;106;87;67;47;46;45;64
63;82;102;103;104;105;126;107;87;86;66;45;64
63;82;102;103;104;105;126;107;87;67;66;65;64
63;82;102;103;104;105;126;107;87;67;66;45;64
63;82;102;103;124;144;145;146;126;106;85;65;64
63;82;102;103;124;144;145;146;126;106;86;65;64
63;82;102;103;124;105;85;86;66;46;25;44;64
63;82;102;103;124;105;85;86;67;47;46;45;64
63;82;102;103;124;105;106;86;66;46;25;44;64
63;82;102;103;124;105;106;86;67;47;46;45;64
63;82;102;103;124;105;106;87;67;47;46;45;64
63;82;102;103;124;105;126;107;87;86;66;45;64
63;82;102;103;124;105;126;107;87;67;66;65;64
63;82;102;103;124;105;126;107;87;67;66;45;64
63;82;102;103;124;125;126;106;87;67;66;65;64
63;82;102;103;124;125;126;106;87;67;66;45;64
63;82;102;103;124;125;126;107;87;86;66;45;64
63;82;102;103;124;125;126;107;87;67;66;65;64
63;82;102;103;124;125;126;107;87;67;66;45;64
63;82;102;103;124;125;146;127;107;106;85;65;64
63;82;102;103;124;125;146;127;107;106;86;65;64
63;82;102;103;124;125;146;127;107;87;86;65;64
63;82;81;101;122;103;104;85;86;66;45;44;43
63;82;81;101;122;103;124;105;85;65;45;44;43
63;82;81;101;122;123;124;104;85;65;45;44;43
63;82;81;101;122;123;124;105;85;65;45;44;43
63;82;102;122;123;124;104;85;86;66;45;44;43
63;82;102;122;123;124;105;85;86;66;45;44;43
63;82;102;122;123;124;105;106;86;65;45;44;43
63;82;102;122;123;124;105;106;86;66;45;44;43
63;82;102;122;123;144;125;105;85;65;45;44;43
63;82;102;103;123;144;125;105;85;65;45;44;43
63;82;102;103;104;85;65;66;46;25;24;23;43
63;82;102;103;104;85;86;66;45;25;24;23;43
63;82;102;103;104;85;86;66;46;25;24;23;43
63;82;102;103;104;85;86;67;47;46;45;44;43
63;82;102;103;104;85;86;67;47;46;25;44;43
63;82;102;103;104;85;106;87;67;66;45;44;43
63;82;102;103;104;105;106;86;66;46;25;44;43
63;82;102;103;104;105;106;87;67;66;45;44;43
63;82;102;103;124;105;85;65;45;25;24;23;43
63;82;102;103;124;105;85;65;66;46;25;44;43
63;82;102;103;124;105;85;86;66;46;25;44;43
63;82;102;103;124;105;106;86;66;46;25;44;43
63;82;102;103;124;105;106;87;67;66;45;44;43
63;82;102;103;124;125;126;106;85;65;45;44;43
63;82;102;103;124;125;126;106;86;65;45;44;43
63;82;102;103;124;125;126;106;86;66;45;44;43
63;64;44;25;46;66;86;85;104;103;102;81;61;62
63;64;45;46;47;67;86;85;104;103;102;81;61;62
63;64;45;66;86;85;104;124;123;122;101;81;61;62
63;64;45;66;86;85;104;124;123;122;102;81;61;62
63;64;45;66;86;85;105;124;123;122;101;81;61;62
63;64;45;66;86;85;105;124;123;122;102;81;61;62
63;64;45;66;86;85;105;124;103;122;101;81;61;62
63;64;45;66;86;106;105;124;123;122;101;81;61;62
63;64;45;66;86;106;105;124;123;122;102;81;61;62
63;64;45;66;86;106;105;124;103;122;101;81;61;62
63;64;45;66;86;106;105;104;103;122;101;81;61;62
63;64;45;66;86;106;126;125;124;103;102;81;61;62
63;64;45;66;67;87;106;105;124;103;102;81;61;62
63;64;45;66;67;87;106;105;104;103;102;81;61;62
63;64;45;66;67;87;106;85;104;103;102;81;61;62
63;64;65;85;104;124;144;143;142;121;101;81;61;62
63;64;65;85;104;124;144;143;142;122;101;81;61;62
63;64;65;85;104;124;144;143;142;122;102;81;61;62
63;64;65;85;105;124;144;143;142;121;101;81;61;62
63;64;65;85;105;124;144;143;142;122;101;81;61;62
63;64;65;85;105;124;144;143;142;122;102;81;61;62
63;64;65;85;105;125;144;143;142;121;101;81;61;62
63;64;65;85;105;125;144;143;142;122;101;81;61;62
63;64;65;85;105;125;144;143;142;122;102;81;61;62
63;64;65;85;105;125;144;123;142;121;101;81;61;62
63;64;65;85;106;126;125;144;123;122;101;81;61;62
63;64;65;85;106;126;125;144;123;122;102;81;61;62
63;64;65;85;106;126;125;144;123;103;102;81;61;62
63;64;65;85;106;126;125;124;123;122;101;81;61;62
63;64;65;85;106;126;125;124;123;122;102;81;61;62
63;64;65;85;106;126;125;124;103;122;101;81;61;62
63;64;65;85;106;87;67;47;46;25;24;23;42;62
63;64;65;66;47;27;26;25;24;23;22;21;41;62
63;64;65;66;67;87;106;105;124;103;102;81;61;62
63;64;65;66;67;87;106;105;104;103;102;81;61;62
63;64;65;66;67;68;48;27;26;25;24;23;42;62
63;64;65;86;106;105;124;123;142;121;101;81;61;62
63;64;65;86;106;105;125;144;123;122;101;81;61;62
63;64;65;86;106;105;125;144;123;122;102;81;61;62
63;64;65;86;106;105;125;144;123;103;102;81;61;62
63;64;65;86;106;126;125;144;123;122;101;81;61;62
63;64;65;86;106;126;125;144;123;122;102;81;61;62
63;64;65;86;106;126;125;144;123;103;102;81;61;62
63;64;65;86;106;126;125;124;123;122;101;81;61;62
63;64;65;86;106;126;125;124;123;122;102;81;61;62
63;64;65;86;106;126;125;124;103;122;101;81;61;62
63;64;65;86;67;47;46;25;24;23;22;21;41;62
63;64;65;86;67;68;48;27;46;25;24;23;42;62
63;64;65;86;67;68;48;27;26;25;24;23;42;62
63;64;65;86;87;107;126;125;124;103;102;81;61;62
63;64;65;86;87;107;126;105;124;103;102;81;61;62
63;64;65;86;87;107;126;105;104;103;102;81;61;62
63;64;65;86;87;88;68;47;46;25;24;23;42;62
63;84;104;103;123;144;125;126;106;86;66;45;44;43
63;84;104;124;123;122;101;81;61;41;21;22;23;43
63;84;104;124;123;122;102;81;61;41;21;22;23;43
63;84;104;124;144;143;142;121;101;81;61;41;42;43
63;84;104;124;144;143;142;122;101;81;61;41;42;43
63;84;104;124;144;143;142;122;102;81;61;41;42;43
63;84;104;124;144;145;146;126;106;86;66;45;44;43
63;84;104;124;125;126;106;86;66;45;25;24;23;43
63;84;104;124;125;126;106;86;66;46;25;24;23;43
63;84;104;124;125;126;106;86;67;47;46;45;44;43
63;84;104;124;125;126;106;86;67;47;46;25;44;43
63;84;104;124;125;126;106;87;67;66;46;25;44;43
63;84;104;124;125;126;106;87;67;47;46;45;44;43
63;84;104;124;125;126;106;87;67;47;46;25;44;43
63;84;104;124;125;126;107;87;86;66;46;25;44;43
63;84;104;124;125;126;107;87;67;66;46;25;44;43
63;84;104;124;125;126;107;87;67;47;46;45;44;43
63;84;104;124;125;126;107;87;67;47;46;25;44;43
63;84;104;124;125;126;107;108;88;67;66;45;44;43
63;84;104;124;125;146;127;107;106;86;66;45;44;43
63;84;104;124;125;146;127;107;87;86;66;45;44;43
63;84;104;124;125;146;127;107;87;67;66;45;44;43
63;84;104;105;125;144;123;122;101;81;61;41;42;43
63;84;104;105;125;144;123;122;102;81;61;41;42;43
63;84;104;105;125;146;127;107;87;86;66;45;44;43
63;84;104;105;125;146;127;107;87;67;66;45;44;43
63;84;104;105;106;86;66;47;27;26;25;24;23;43
63;84;104;105;106;86;67;47;27;26;25;24;23;43
63;84;104;105;106;86;67;68;48;27;46;45;44;43
63;84;104;105;106;86;67;68;48;27;46;25;44;43
63;84;104;105;106;86;67;68;48;27;26;25;44;43
63;84;104;105;106;87;67;47;27;26;25;24;23;43
63;84;104;105;106;87;67;68;48;27;46;45;44;43
63;84;104;105;106;87;67;68;48;27;46;25;44;43
63;84;104;105;106;87;67;68;48;27;26;25;44;43
63;84;104;105;106;87;88;68;47;46;25;24;23;43
63;84;104;105;106;87;88;68;47;27;26;25;44;43
63;84;104;105;106;87;88;68;48;27;46;45;44;43
63;84;104;105;106;87;88;68;48;27;46;25;44;43
63;84;104;105;106;87;88;68;48;27;26;25;44;43
63;84;104;105;106;107;108;88;67;66;46;25;44;43
63;84;104;105;106;107;108;88;67;47;46;45;44;43
63;84;104;105;106;107;108;88;67;47;46;25;44;43
63;84;104;105;106;107;108;88;68;47;66;45;44;43
63;84;104;105;106;107;108;88;68;47;46;45;44;43
63;84;104;105;106;107;108;88;68;47;46;25;44;43
63;84;104;105;126;107;87;86;66;45;25;24;23;43
63;84;104;105;126;107;87;86;66;46;25;24;23;43
63;84;104;105;126;107;87;67;66;45;25;24;23;43
63;84;104;105;126;107;87;67;66;46;25;24;23;43
63;84;104;105;126;107;87;67;47;46;25;24;23;43
63;84;104;105;126;107;87;67;47;27;26;25;44;43
63;84;104;105;126;107;87;88;68;47;66;45;44;43
63;84;104;105;126;107;87;88;68;47;46;45;44;43
63;84;104;105;126;107;87;88;68;47;46;25;44;43
63;84;104;105;126;107;108;88;67;66;46;25;44;43
63;84;104;105;126;107;108;88;67;47;46;45;44;43
63;84;104;105;126;107;108;88;67;47;46;25;44;43
63;84;104;105;126;107;108;88;68;47;66;45;44;43
63;84;104;105;126;107;108;88;68;47;46;45;44;43
63;84;104;105;126;107;108;88;68;47;46;25;44;43
63;84;104;105;126;127;128;108;87;86;66;45;44;43
63;84;104;105;126;127;128;108;87;67;66;45;44;43
63;84;104;105;126;127;128;108;88;67;66;45;44;43
63;84;65;66;67;68;49;29;28;27;26;25;44;43
63;84;65;66;67;88;69;49;48;27;26;25;44;43
63;84;65;86;106;105;124;103;102;81;61;41;42;43
63;84;65;86;106;107;108;88;68;47;46;25;44;43
63;84;65;86;67;68;49;29;28;27;46;25;44;43
63;84;65;86;67;68;49;29;28;27;26;25;44;43
63;84;65;86;67;88;69;49;48;27;46;25;44;43
63;84;65;86;67;88;69;49;48;27;26;25;44;43
63;84;65;86;87;88;68;47;27;26;25;24;23;43
63;84;65;86;87;88;68;48;27;46;25;24;23;43
63;84;65;86;87;88;68;48;27;26;25;24;23;43
63;84;65;86;87;88;69;49;48;47;46;25;44;43
63;84;65;86;87;88;69;49;48;27;46;25;44;43
63;84;65;86;87;88;69;49;48;27;26;25;44;43
63;84;65;86;87;108;89;69;68;47;46;25;44;43
63;84;85;105;124;123;142;121;101;81;61;41;42;43
63;84;85;105;124;103;102;81;61;41;21;22;23;43
63;84;85;105;125;144;123;122;101;81;61;41;42;43
63;84;85;105;125;144;123;122;102;81;61;41;42;43
63;84;85;105;125;144;123;103;102;81;61;41;42;43
63;84;85;105;125;146;127;107;87;67;66;45;44;43
63;84;85;105;126;107;87;67;66;45;25;24;23;43
63;84;85;105;126;107;87;67;66;46;25;24;23;43
63;84;85;105;126;107;87;67;47;46;25;24;23;43
63;84;85;105;126;107;87;67;47;27;26;25;44;43
63;84;85;105;126;107;87;88;68;47;66;45;44;43
63;84;85;105;126;107;87;88;68;47;46;45;44;43
63;84;85;105;126;107;87;88;68;47;46;25;44;43
63;84;85;105;126;107;108;88;67;66;46;25;44;43
63;84;85;105;126;107;108;88;67;47;46;45;44;43
63;84;85;105;126;107;108;88;67;47;46;25;44;43
63;84;85;105;126;107;108;88;68;47;66;45;44;43
63;84;85;105;126;107;108;88;68;47;46;45;44;43
63;84;85;105;126;107;108;88;68;47;46;25;44;43
63;84;85;105;126;127;128;108;87;67;66;45;44;43
63;84;85;105;126;127;128;108;88;67;66;45;44;43
63;84;85;86;67;68;49;29;28;27;46;45;44;43
63;84;85;86;67;68;49;29;28;27;46;25;44;43
63;84;85;86;67;68;49;29;28;27;26;25;44;43
63;84;85;86;67;88;69;49;48;27;46;45;44;43
63;84;85;86;67;88;69;49;48;27;46;25;44;43
63;84;85;86;67;88;69;49;48;27;26;25;44;43
63;84;85;86;87;88;68;47;27;26;25;24;23;43
63;84;85;86;87;88;68;48;27;46;25;24;23;43
63;84;85;86;87;88;68;48;27;26;25;24;23;43
63;84;85;86;87;88;69;49;48;47;46;45;44;43
63;84;85;86;87;88;69;49;48;47;46;25;44;43
63;84;85;86;87;88;69;49;48;27;46;45;44;43
63;84;85;86;87;88;69;49;48;27;46;25;44;43
63;84;85;86;87;88;69;49;48;27;26;25;44;43
63;84;85;86;87;108;89;69;68;47;46;45;44;43
63;84;85;86;87;108;89;69;68;47;46;25;44;43
63;84;85;106;126;125;124;103;102;81;61;41;42;43
63;84;85;106;126;127;128;108;88;67;66;45;44;43
63;84;85;106;87;67;68;48;27;46;25;24;23;43
63;84;85;106;87;67;68;48;27;26;25;24;23;43
63;84;85;106;87;88;68;47;66;45;25;24;23;43
63;84;85;106;87;88;68;47;27;26;25;24;23;43
63;84;85;106;87;88;68;48;27;46;25;24;23;43
63;84;85;106;87;88;68;48;27;26;25;24;23;43
63;84;85;106;87;88;69;49;48;47;66;45;44;43
63;84;85;106;87;88;69;49;48;47;46;45;44;43
63;84;85;106;87;88;69;49;48;47;46;25;44;43
63;84;85;106;87;88;69;49;48;27;46;45;44;43
63;84;85;106;87;88;69;49;48;27;46;25;44;43
63;84;85;106;87;88;69;49;48;27;26;25;44;43
63;84;85;106;87;108;89;69;68;47;66;45;44;43
63;84;85;106;87;108;89;69;68;47;46;45;44;43
63;84;85;106;87;108;89;69;68;47;46;25;44;43
63;84;85;106;107;108;88;67;66;45;25;24;23;43
63;84;85;106;107;108;88;67;66;46;25;24;23;43
63;84;85;106;107;108;88;67;47;46;25;24;23;43
63;84;85;106;107;108;88;67;47;27;26;25;44;43
63;84;85;106;107;108;88;68;47;46;25;24;23;43
63;84;85;106;107;108;88;68;47;27;26;25;44;43
63;84;85;106;107;108;88;68;48;27;46;45;44;43
63;84;85;106;107;108;88;68;48;27;46;25;44;43
63;84;85;106;107;108;88;68;48;27;26;25;44;43
63;84;85;106;107;108;89;69;68;67;66;45;44;43
63;84;85;106;107;108;89;69;68;47;66;45;44;43
63;84;85;106;107;108;89;69;68;47;46;45;44;43
63;84;85;106;107;108;89;69;68;47;46;25;44;43
63;84;85;106;107;128;109;89;88;67;66;45;44;43
63;84;104;124;144;143;162;141;121;122;102;81;61;62
63;84;104;124;144;164;163;162;141;121;101;81;61;62
63;84;104;124;144;164;163;162;142;121;101;81;61;62
63;84;104;124;144;164;163;162;142;122;101;81;61;62
63;84;104;124;144;164;163;162;142;122;102;81;61;62
63;84;104;124;125;145;164;143;142;121;101;81;61;62
63;84;104;124;125;145;164;143;142;122;101;81;61;62
63;84;104;124;125;145;164;143;142;122;102;81;61;62
63;84;104;124;125;126;106;86;66;45;44;23;42;62
63;84;104;105;125;144;143;162;141;121;101;81;61;62
63;84;104;105;125;145;164;143;142;121;101;81;61;62
63;84;104;105;125;145;164;143;142;122;101;81;61;62
63;84;104;105;125;145;164;143;142;122;102;81;61;62
63;84;104;105;125;145;164;143;123;122;101;81;61;62
63;84;104;105;125;145;164;143;123;122;102;81;61;62
63;84;104;105;106;86;66;45;44;23;22;21;41;62
63;84;104;105;106;86;67;47;46;45;44;23;42;62
63;84;104;105;106;86;67;47;46;25;44;23;42;62
63;84;104;105;106;86;67;47;46;25;24;23;42;62
63;84;104;105;106;87;67;66;45;25;24;23;42;62
63;84;104;105;106;87;67;66;46;25;44;23;42;62
63;84;104;105;106;87;67;66;46;25;24;23;42;62
63;84;104;105;106;87;67;47;46;45;44;23;42;62
63;84;104;105;106;87;67;47;46;25;44;23;42;62
63;84;104;105;106;87;67;47;46;25;24;23;42;62
63;84;104;105;126;146;145;144;123;122;101;81;61;62
63;84;104;105;126;146;145;144;123;122;102;81;61;62
63;84;104;105;126;107;87;86;66;45;44;23;42;62
63;84;104;105;126;107;87;67;66;45;44;23;42;62
63;84;65;66;47;27;26;25;44;23;22;21;41;62
63;84;65;66;47;27;26;25;24;23;22;21;41;62
63;84;65;66;67;87;106;105;124;103;102;81;61;62
63;84;65;66;67;68;48;27;26;25;44;23;42;62
63;84;65;66;67;68;48;27;26;25;24;23;42;62
63;84;65;86;106;105;124;123;142;121;101;81;61;62
63;84;65;86;106;105;125;144;123;122;101;81;61;62
63;84;65;86;106;105;125;144;123;122;102;81;61;62
63;84;65;86;106;105;125;144;123;103;102;81;61;62
63;84;65;86;106;126;125;144;123;122;101;81;61;62
63;84;65;86;106;126;125;144;123;122;102;81;61;62
63;84;65;86;106;126;125;144;123;103;102;81;61;62
63;84;65;86;106;126;125;124;123;122;101;81;61;62
63;84;65;86;106;126;125;124;123;122;102;81;61;62
63;84;65;86;106;126;125;124;103;122;101;81;61;62
63;84;65;86;67;47;46;25;44;23;22;21;41;62
63;84;65;86;67;47;46;25;24;23;22;21;41;62
63;84;65;86;67;68;48;27;46;25;44;23;42;62
63;84;65;86;67;68;48;27;46;25;24;23;42;62
63;84;65;86;67;68;48;27;26;25;44;23;42;62
63;84;65;86;67;68;48;27;26;25;24;23;42;62
63;84;65;86;87;107;126;125;124;103;102;81;61;62
63;84;65;86;87;107;126;105;124;103;102;81;61;62
63;84;65;86;87;88;68;47;46;25;44;23;42;62
63;84;65;86;87;88;68;47;46;25;24;23;42;62
63;84;85;105;124;123;143;162;141;121;101;81;61;62
63;84;85;105;124;144;143;162;141;121;101;81;61;62
63;84;85;105;125;144;143;162;141;121;101;81;61;62
63;84;85;105;125;145;164;143;142;121;101;81;61;62
63;84;85;105;125;145;164;143;142;122;101;81;61;62
63;84;85;105;125;145;164;143;142;122;102;81;61;62
63;84;85;105;125;145;164;143;123;122;101;81;61;62
63;84;85;105;125;145;164;143;123;122;102;81;61;62
63;84;85;105;125;145;164;143;123;103;102;81;61;62
63;84;85;105;126;146;145;144;123;122;101;81;61;62
63;84;85;105;126;146;145;144;123;122;102;81;61;62
63;84;85;105;126;146;145;144;123;103;102;81;61;62
63;84;85;105;126;107;87;67;66;45;44;23;42;62
63;84;85;86;67;47;46;45;44;23;22;21;41;62
63;84;85;86;67;47;46;25;44;23;22;21;41;62
63;84;85;86;67;47;46;25;24;23;22;21;41;62
63;84;85;86;67;68;48;27;46;45;44;23;42;62
63;84;85;86;67;68;48;27;46;25;44;23;42;62
63;84;85;86;67;68;48;27;46;25;24;23;42;62
63;84;85;86;67;68;48;27;26;25;44;23;42;62
63;84;85;86;67;68;48;27;26;25;24;23;42;62
63;84;85;86;87;107;126;125;124;103;102;81;61;62
63;84;85;86;87;88;68;47;46;45;44;23;42;62
63;84;85;86;87;88;68;47;46;25;44;23;42;62
63;84;85;86;87;88;68;47;46;25;24;23;42;62
63;84;85;106;126;125;144;143;142;121;101;81;61;62
63;84;85;106;126;125;144;143;142;122;101;81;61;62
63;84;85;106;126;125;144;143;142;122;102;81;61;62
63;84;85;106;126;125;144;123;142;121;101;81;61;62
63;84;85;106;126;125;124;123;142;121;101;81;61;62
63;84;85;106;126;146;145;144;123;122;101;81;61;62
63;84;85;106;126;146;145;144;123;122;102;81;61;62
63;84;85;106;126;146;145;144;123;103;102;81;61;62
63;84;85;106;126;146;145;144;124;103;102;81;61;62
63;84;85;106;87;67;66;45;44;23;22;21;41;62
63;84;85;106;87;67;47;27;26;25;44;23;42;62
63;84;85;106;87;67;47;27;26;25;24;23;42;62
63;84;85;106;87;88;68;47;66;45;44;23;42;62
63;84;85;106;87;88;68;47;46;45;44;23;42;62
63;84;85;106;87;88;68;47;46;25;44;23;42;62
63;84;85;106;87;88;68;47;46;25;24;23;42;62
63;84;85;106;107;127;146;125;124;103;102;81;61;62
63;84;85;106;107;108;88;67;66;45;44;23;42;62
63;84;104;103;123;143;163;182;161;141;121;101;81;82
63;84;104;103;123;144;164;163;162;141;121;101;81;82
63;84;104;124;123;143;163;182;161;141;121;101;81;82
63;84;104;124;123;143;163;182;161;141;121;101;102;82
63;84;104;124;144;143;163;182;161;141;121;101;81;82
63;84;104;124;144;143;163;182;161;141;121;101;102;82
63;84;104;124;144;143;163;182;161;141;121;122;102;82
63;84;104;124;144;164;163;182;161;141;121;101;81;82
63;84;104;124;144;164;163;182;161;141;121;101;102;82
63;84;104;124;144;164;163;182;161;141;121;122;102;82
63;84;104;124;144;164;163;182;161;141;142;122;102;82
63;84;104;124;144;164;184;183;182;162;142;122;102;82
63;84;104;124;144;145;165;184;163;162;142;122;102;82
63;84;104;124;125;145;164;163;162;141;121;101;81;82
63;84;104;124;125;145;164;163;162;141;121;101;102;82
63;84;104;124;125;145;164;163;162;141;121;122;102;82
63;84;104;124;125;145;164;163;162;142;121;101;81;82
63;84;104;124;125;145;164;163;162;142;121;101;102;82
63;84;104;124;125;145;164;163;162;142;122;101;81;82
63;84;104;124;125;145;164;143;162;141;121;101;81;82
63;84;104;124;125;145;164;143;162;141;121;101;102;82
63;84;104;124;125;145;164;143;162;141;121;122;102;82
63;84;104;124;125;145;165;184;163;162;142;122;102;82
63;84;104;124;125;145;165;184;163;143;142;122;102;82
63;84;104;124;125;146;166;165;164;143;142;122;102;82
63;84;104;105;125;144;164;163;162;141;121;101;81;82
63;84;104;105;125;144;164;163;162;141;121;101;102;82
63;84;104;105;125;144;164;163;162;141;121;122;102;82
63;84;104;105;125;144;164;163;162;142;121;101;81;82
63;84;104;105;125;144;164;163;162;142;121;101;102;82
63;84;104;105;125;144;164;163;162;142;122;101;81;82
63;84;104;105;125;145;164;163;162;141;121;101;81;82
63;84;104;105;125;145;164;163;162;141;121;101;102;82
63;84;104;105;125;145;164;163;162;141;121;122;102;82
63;84;104;105;125;145;164;163;162;142;121;101;81;82
63;84;104;105;125;145;164;163;162;142;121;101;102;82
63;84;104;105;125;145;164;163;162;142;122;101;81;82
63;84;104;105;125;145;164;143;162;141;121;101;81;82
63;84;104;105;125;145;164;143;162;141;121;101;102;82
63;84;104;105;125;145;164;143;162;141;121;122;102;82
63;84;104;105;125;145;165;184;163;162;142;122;102;82
63;84;104;105;125;145;165;184;163;143;142;122;102;82
63;84;104;105;125;145;165;184;163;143;123;122;102;82
63;84;104;105;125;146;166;165;164;143;142;122;102;82
63;84;104;105;125;146;166;165;164;143;123;122;102;82
63;84;104;105;106;86;66;45;44;23;42;41;61;82
63;84;104;105;106;107;127;146;145;144;123;122;102;82
63;84;104;105;126;146;145;164;163;162;142;122;102;82
63;84;104;105;126;146;145;164;143;142;121;101;81;82
63;84;104;105;126;146;145;164;143;142;121;101;102;82
63;84;104;105;126;146;145;164;143;142;122;101;81;82
63;84;104;105;126;146;145;164;143;123;122;101;81;82
63;84;104;105;126;146;145;144;143;142;121;101;81;82
63;84;104;105;126;146;145;144;143;142;121;101;102;82
63;84;104;105;126;146;145;144;143;142;122;101;81;82
63;84;104;105;126;146;145;144;123;142;121;101;81;82
63;84;104;105;126;146;145;144;123;142;121;101;102;82
63;84;104;105;126;146;166;165;164;143;142;122;102;82
63;84;104;105;126;146;166;165;164;143;123;122;102;82
63;84;104;105;126;146;166;165;164;144;123;122;102;82
63;84;104;105;126;127;147;166;145;144;123;122;102;82
63;84;65;45;46;47;67;87;106;105;124;103;102;82
63;84;65;66;47;27;26;25;44;23;42;41;61;82
63;84;65;66;47;27;26;25;24;23;42;41;61;82
63;84;65;66;47;68;88;87;106;105;124;103;102;82
63;84;65;66;67;87;106;105;124;123;122;101;81;82
63;84;65;66;67;87;106;105;124;103;122;101;81;82
63;84;65;66;67;87;106;105;125;144;123;122;102;82
63;84;65;66;67;87;106;105;125;144;123;103;102;82
63;84;65;66;67;87;106;126;125;144;123;122;102;82
63;84;65;66;67;87;106;126;125;144;123;103;102;82
63;84;65;66;67;87;106;126;125;124;123;122;102;82
63;84;65;66;67;87;107;126;125;144;123;122;102;82
63;84;65;66;67;87;107;126;125;144;123;103;102;82
63;84;65;66;67;87;107;126;125;124;123;122;102;82
63;84;65;66;67;87;107;126;105;124;123;122;102;82
63;84;65;66;67;87;107;127;146;125;124;103;102;82
63;84;65;66;67;88;108;107;126;125;124;103;102;82
63;84;65;66;67;88;108;107;126;105;124;103;102;82
63;84;65;66;67;88;108;107;106;105;124;103;102;82
63;84;65;86;106;105;124;144;143;142;121;101;81;82
63;84;65;86;106;105;124;144;143;142;121;101;102;82
63;84;65;86;106;105;124;144;143;142;122;101;81;82
63;84;65;86;106;105;125;144;143;142;121;101;81;82
63;84;65;86;106;105;125;144;143;142;121;101;102;82
63;84;65;86;106;105;125;144;143;142;122;101;81;82
63;84;65;86;106;105;125;144;123;142;121;101;81;82
63;84;65;86;106;105;125;144;123;142;121;101;102;82
63;84;65;86;106;105;125;145;164;143;142;122;102;82
63;84;65;86;106;105;125;145;164;143;123;122;102;82
63;84;65;86;106;105;125;145;164;143;123;103;102;82
63;84;65;86;106;126;125;144;143;142;121;101;81;82
63;84;65;86;106;126;125;144;143;142;121;101;102;82
63;84;65;86;106;126;125;144;143;142;122;101;81;82
63;84;65;86;106;126;125;144;123;142;121;101;81;82
63;84;65;86;106;126;125;144;123;142;121;101;102;82
63;84;65;86;106;126;125;124;123;142;121;101;81;82
63;84;65;86;106;126;125;124;123;142;121;101;102;82
63;84;65;86;106;126;125;145;164;143;142;122;102;82
63;84;65;86;106;126;125;145;164;143;123;122;102;82
63;84;65;86;106;126;125;145;164;143;123;103;102;82
63;84;65;86;106;126;146;145;164;143;142;122;102;82
63;84;65;86;106;126;146;145;164;143;123;122;102;82
63;84;65;86;106;126;146;145;164;143;123;103;102;82
63;84;65;86;106;126;146;145;144;143;142;122;102;82
63;84;65;86;106;126;146;145;144;123;122;101;81;82
63;84;65;86;106;107;127;146;145;144;123;122;102;82
63;84;65;86;106;107;127;146;145;144;123;103;102;82
63;84;65;86;106;107;127;146;145;144;124;103;102;82
63;84;65;86;106;107;127;146;125;144;123;122;102;82
63;84;65;86;106;107;127;146;125;144;123;103;102;82
63;84;65;86;106;107;127;146;125;124;123;122;102;82
63;84;65;86;67;47;46;25;44;23;42;41;61;82
63;84;65;86;67;47;46;25;24;23;42;41;61;82
63;84;65;86;67;88;108;107;126;125;124;103;102;82
63;84;65;86;67;88;108;107;126;105;124;103;102;82
63;84;65;86;87;107;126;125;144;143;142;122;102;82
63;84;65;86;87;107;126;125;144;123;122;101;81;82
63;84;65;86;87;107;126;125;124;123;122;101;81;82
63;84;65;86;87;107;126;125;124;103;122;101;81;82
63;84;65;86;87;107;126;105;124;123;122;101;81;82
63;84;65;86;87;107;126;105;124;103;122;101;81;82
63;84;65;86;87;107;126;146;145;144;123;122;102;82
63;84;65;86;87;107;126;146;145;144;123;103;102;82
63;84;65;86;87;107;126;146;145;144;124;103;102;82
63;84;65;86;87;107;127;146;145;144;123;122;102;82
63;84;65;86;87;107;127;146;145;144;123;103;102;82
63;84;65;86;87;107;127;146;145;144;124;103;102;82
63;84;65;86;87;107;127;146;125;144;123;122;102;82
63;84;65;86;87;107;127;146;125;144;123;103;102;82
63;84;65;86;87;107;127;146;125;124;123;122;102;82
